epoch,train_loss,track_val_mrr,track_val_loss,train_sec,track_eval_sec,peak_gpu_mem_mb,peak_gpu_reserved_mb,epoch_steps,epoch_nonfinite_loss,epoch_nonfinite_grad,epoch_clipped,epoch_skipped_steps,track_nonfinite_positives,track_nonfinite_negatives,track_skipped_queries
1,0.5862443031187394,0.22986180510868628,0.652627170085907,416.8,369.0,19.7,1144.0,2098,0,0,2091,0,0,0,0
2,0.5197260901544978,0.23764154879252117,0.6474353671073914,376.6,333.7,19.9,1144.0,2098,0,0,2097,0,0,0,0
3,0.507500227011591,0.23836863990376392,0.6389342546463013,366.9,311.2,19.9,1144.0,2098,0,0,2096,0,0,0,0
4,0.5007387891596448,0.2412990396246314,0.637304425239563,351.6,301.7,19.9,1144.0,2098,0,0,2091,0,0,0,0
5,0.49700664500887903,0.2406216551437974,0.6392138004302979,312.8,262.2,19.9,1144.0,2098,0,0,2057,0,0,0,0
6,0.494489277475953,0.24183645459761222,0.6382762789726257,268.3,201.8,19.9,1144.0,2098,0,0,2021,0,0,0,0
